img/0001.png  2  287 242 83 26   252 224 20 9   
img/0002.png  2  290 241 81 26   247 224 20 8   
img/0003.png  2  292 240 80 25   244 223 19 9   
img/0004.png  2  294 240 78 24   240 223 19 9   
img/0005.png  2  296 239 76 23   237 223 18 8   
img/0006.png  2  298 238 74 23   234 223 17 8   
img/0007.png  2  300 238 71 22   231 223 17 8   
img/0008.png  3  498 239 14 7   301 237 69 22   229 223 16 8   
img/0009.png  3  484 238 24 8   302 237 66 21   226 223 16 7   
img/0010.png  3  471 237 22 7   303 236 64 21   224 222 16 8   
img/0011.png  3  458 236 20 7   303 236 62 20   222 222 15 8   
img/0012.png  3  446 235 18 7   303 235 59 20   219 222 16 8   
img/0013.png  3  302 235 57 19   434 234 17 7   217 222 15 8   
img/0014.png  3  301 234 55 19   422 233 16 7   215 222 14 8   
img/0015.png  3  300 234 52 18   411 233 14 5   213 222 14 8   
img/0016.png  3  299 233 49 18   399 232 14 6   210 222 14 8   
img/0017.png  3  297 233 47 17   389 231 12 6   208 222 13 7   
img/0018.png  3  295 232 45 18   379 231 11 5   205 222 13 7   
img/0019.png  3  293 232 43 17   369 230 11 5   202 222 13 8   
img/0020.png  3  291 232 41 16   361 229 10 5   199 222 13 8   
img/0021.png  3  290 231 39 17   354 229 9 5   196 222 13 8   
img/0022.png  3  289 231 38 16   348 229 9 4   193 222 14 8   
img/0023.png  3  289 231 37 16   344 228 8 5   191 222 13 8   
img/0024.png  3  290 231 36 15   341 228 8 4   189 223 14 7   
img/0025.png  3  292 231 36 15   341 228 8 4   189 223 13 7   
img/0026.png  3  295 231 36 15   341 228 8 4   189 223 14 7   
img/0027.png  3  298 230 36 16   341 228 8 4   189 223 14 8   
img/0028.png  3  301 230 35 15   341 227 7 4   188 223 14 8   
img/0029.png  3  302 230 34 15   339 227 8 4   186 223 15 8   
img/0030.png  3  302 230 34 15   337 227 7 4   182 223 15 8   
img/0031.png  3  302 230 34 15   334 227 7 4   177 223 15 8   
img/0032.png  3  302 230 33 14   331 227 7 3   170 223 17 9   
img/0033.png  3  301 229 34 15   328 226 8 4   163 224 17 8   
img/0034.png  3  301 229 34 15   326 226 7 4   154 224 19 9   
img/0035.png  2  301 226 34 18   146 224 19 9   
img/0036.png  2  302 226 34 18   136 225 21 9   
img/0037.png  2  302 226 35 18   126 225 23 10   
img/0038.png  2  303 226 35 18   116 225 24 10   
img/0039.png  2  304 226 35 18   105 226 26 10   
img/0040.png  2  305 226 36 18   94 226 28 11   
img/0041.png  2  83 227 30 10   307 226 36 18   
img/0042.png  2  72 227 31 11   308 226 37 18   
img/0043.png  3  310 230 37 14   60 228 34 11   311 226 8 4   
img/0044.png  3  312 230 37 15   47 228 36 12   310 227 8 3   
img/0045.png  3  314 230 37 15   34 229 39 12   308 227 8 3   
img/0046.png  3  316 230 38 15   21 229 41 13   307 227 8 3   
img/0047.png  3  318 230 38 15   6 230 44 13   305 227 8 4   
img/0048.png  3  0 231 37 13   320 230 38 16   303 227 8 4   
img/0049.png  3  0 231 24 15   322 230 39 16   300 227 9 4   
img/0050.png  3  0 235 10 11   324 230 39 16   298 227 8 4   
img/0051.png  2  326 231 39 16   294 228 10 4   
img/0052.png  2  328 231 39 16   291 228 10 4   
img/0053.png  2  329 231 41 17   288 228 9 4   
img/0054.png  2  331 231 41 17   284 229 10 4   
img/0055.png  2  333 232 41 17   280 229 10 4   
img/0056.png  2  335 232 41 17   276 229 10 5   
img/0057.png  2  337 232 41 18   271 229 10 5   
img/0058.png  2  338 233 42 18   266 230 10 5   
img/0059.png  2  340 233 42 18   260 230 11 5   
img/0060.png  2  341 233 43 19   254 231 11 5   
img/0061.png  2  342 234 43 19   247 231 11 5   
img/0062.png  2  342 234 44 19   239 232 12 5   
img/0063.png  2  342 235 44 19   230 232 12 6   
img/0064.png  2  341 235 44 20   220 233 12 5   
img/0065.png  2  338 235 46 21   208 233 13 6   
img/0066.png  2  335 236 46 21   195 234 13 6   
img/0067.png  2  330 237 47 21   179 235 14 6   
img/0068.png  2  323 237 49 22   162 235 14 7   
img/0069.png  2  316 238 49 22   143 236 14 7   
img/0070.png  2  307 238 50 23   124 237 14 7   
img/0071.png  2  298 238 50 24   104 238 15 7   
img/0072.png  2  289 239 51 23   86 238 15 8   
img/0073.png  2  283 239 51 23   71 239 15 7   
img/0074.png  2  281 239 52 24   62 239 15 8   
img/0075.png  2  284 239 53 24   59 239 16 8   
img/0076.png  2  290 239 53 23   60 239 15 8   
img/0077.png  2  296 239 53 23   61 239 15 8   
img/0078.png  2  299 239 53 23   59 239 15 9   
img/0079.png  2  296 239 54 23   52 239 15 9   
img/0080.png  2  42 239 14 9   289 238 53 23   
img/0081.png  2  30 239 14 9   279 238 52 22   
img/0082.png  2  18 239 14 8   267 237 52 22   
img/0083.png  2  7 239 14 8   256 237 51 21   
img/0084.png  2  0 239 12 8   245 236 50 21   
img/0085.png  2  0 239 5 7   236 235 49 21   
img/0086.png  1  228 235 49 19   
img/0087.png  1  222 234 47 19   
img/0088.png  1  216 234 47 18   
img/0089.png  1  212 233 46 18   
img/0090.png  1  209 233 45 17   
img/0091.png  1  207 232 44 17   
img/0092.png  1  205 232 44 16   
img/0093.png  1  203 231 43 16   
img/0094.png  1  202 231 43 16   
img/0095.png  1  201 230 42 16   
img/0096.png  2  0 237 2 6   201 230 41 15   
img/0097.png  3  0 336 44 88   0 236 5 7   200 230 41 15   
img/0098.png  3  0 329 109 95   0 236 7 7   200 229 40 15   
img/0099.png  3  7 328 168 96   0 236 10 7   199 229 40 14   
img/0100.png  3  66 327 175 97   2 236 11 7   199 229 39 14   
img/0101.png  3  119 326 187 98   4 236 12 7   199 229 38 13   
img/0102.png  3  168 324 200 100   7 236 12 7   198 228 38 14   
img/0103.png  3  213 323 214 101   10 236 12 7   199 228 36 13   
img/0104.png  3  253 320 229 104   13 236 12 7   199 228 36 13   
img/0105.png  3  291 318 221 106   16 236 12 7   199 228 35 12   
img/0106.png  3  324 315 188 109   19 236 12 7   199 228 35 12   
img/0107.png  3  354 312 158 98   23 236 12 8   200 227 34 13   
img/0108.png  3  381 309 131 87   26 237 12 7   200 227 34 12   
img/0109.png  3  404 306 108 78   29 237 12 7   200 227 34 12   
img/0110.png  3  423 302 89 70   31 237 13 8   201 227 32 12   
img/0111.png  3  439 298 73 63   34 237 13 8   201 227 32 12   
img/0112.png  3  452 295 60 57   37 238 12 8   201 227 31 12   
img/0113.png  3  461 291 51 53   39 238 13 8   201 227 31 11   
img/0114.png  3  466 288 46 49   40 239 14 8   201 227 30 11   
img/0115.png  3  470 284 42 47   42 239 13 9   201 227 30 11   
img/0116.png  3  470 280 42 45   42 240 14 9   200 226 30 12   
img/0117.png  3  469 276 43 43   42 241 15 9   200 226 29 12   
img/0118.png  3  466 272 46 42   41 242 15 9   199 226 28 12   
img/0119.png  3  462 268 50 40   39 243 16 10   197 226 29 12   
img/0120.png  3  457 265 55 38   36 244 17 11   196 227 28 11   
img/0121.png  3  453 262 59 37   32 246 18 10   195 227 28 12   
img/0122.png  3  451 260 61 34   27 247 19 11   193 227 28 12   
img/0123.png  3  451 258 61 32   23 248 20 12   192 227 28 12   
img/0124.png  3  453 256 59 31   20 250 21 12   192 227 29 12   
img/0125.png  3  458 255 54 30   20 251 22 12   193 227 29 12   
img/0126.png  3  464 254 48 29   21 251 23 13   195 227 29 12   
img/0127.png  3  470 253 42 29   23 252 23 14   197 227 29 13   
img/0128.png  3  23 253 24 14   474 252 38 28   198 227 29 13   
img/0129.png  3  18 255 27 14   475 251 37 26   197 227 30 13   
img/0130.png  3  10 257 28 15   475 249 37 26   196 228 30 12   
img/0131.png  3  0 259 29 16   473 247 39 25   192 228 32 13   
img/0132.png  3  0 262 17 16   473 246 39 23   189 228 32 13   
img/0133.png  3  0 271 3 9   472 244 40 23   184 228 34 14   
img/0134.png  2  473 243 39 21   179 229 36 13   
img/0135.png  2  474 242 38 21   173 229 39 14   
img/0136.png  2  477 241 35 20   168 229 40 15   
img/0137.png  2  480 240 32 19   163 230 42 14   
img/0138.png  2  483 239 29 19   157 230 44 15   
img/0139.png  2  487 238 25 19   152 230 47 16   
img/0140.png  2  492 238 20 18   147 231 49 16   
img/0141.png  2  496 237 16 18   142 231 51 17   
img/0142.png  2  501 238 11 16   138 232 53 16   
img/0143.png  2  506 240 6 13   133 232 55 17   
img/0144.png  2  511 247 1 5   129 233 57 17   
img/0145.png  1  124 233 60 18   
img/0146.png  1  120 234 62 18   
img/0147.png  1  115 234 65 20   
img/0148.png  1  111 235 67 20   
img/0149.png  1  106 235 70 21   
img/0150.png  1  102 236 72 21   
img/0151.png  1  98 237 74 22   
img/0152.png  1  93 237 77 23   
img/0153.png  1  89 238 79 24   
img/0154.png  1  85 239 82 24   
img/0155.png  2  0 406 41 18   81 240 84 25   
img/0156.png  2  4 412 88 12   78 241 87 26   
img/0157.png  2  93 419 53 5   75 241 89 27   
img/0158.png  1  72 242 91 28   
img/0159.png  1  69 243 93 29   
img/0160.png  1  67 244 94 30   
img/0161.png  1  64 245 97 32   
img/0162.png  1  62 246 98 33   
img/0163.png  1  59 248 100 33   
img/0164.png  1  56 249 102 35   
img/0165.png  1  53 250 103 37   
img/0166.png  1  49 252 105 38   
img/0167.png  1  44 253 107 40   
img/0168.png  1  40 255 107 41   
img/0169.png  1  35 256 109 43   
img/0170.png  1  31 257 109 45   
img/0171.png  1  29 259 109 46   
img/0172.png  1  31 260 108 47   
img/0173.png  1  37 260 107 48   
img/0174.png  1  50 261 105 48   
img/0175.png  1  70 261 102 49   
img/0176.png  1  93 261 100 49   
img/0177.png  1  116 261 98 49   
img/0178.png  1  136 261 97 49   
img/0179.png  1  151 261 96 49   
img/0180.png  2  161 261 96 49   501 235 11 14   
img/0181.png  2  169 260 95 48   481 233 31 15   
img/0182.png  2  175 260 95 47   459 232 36 15   
img/0183.png  2  181 259 94 46   437 232 35 14   
img/0184.png  2  187 258 93 44   416 231 33 14   
img/0185.png  2  193 256 93 44   396 230 32 14   
img/0186.png  2  200 255 92 43   378 230 31 13   
img/0187.png  2  206 254 93 41   362 229 30 13   
img/0188.png  2  214 253 92 40   348 229 29 12   
img/0189.png  2  221 252 92 38   336 228 28 12   
img/0190.png  2  228 251 92 37   325 228 27 11   
img/0191.png  2  235 250 93 36   315 227 26 11   
img/0192.png  2  242 249 92 35   306 227 25 10   
img/0193.png  2  249 248 92 34   298 226 25 11   
img/0194.png  2  255 247 91 33   290 226 25 10   
img/0195.png  2  261 246 91 32   284 226 23 10   
img/0196.png  2  267 245 89 31   278 225 22 10   
img/0197.png  2  272 245 89 30   272 225 22 9   
img/0198.png  2  276 244 88 29   266 225 22 9   
img/0199.png  2  280 243 87 28   261 224 21 9   
img/0200.png  2  284 242 85 28   256 224 21 9   
